State,District,Population (Total),Population (M),Population (F)
Telangana,Adilabad,708972,356407,352565
Uttar Pradesh,Agra,4418797,2364953,2053844
Gujarat,Ahmedabad,7214225,3788051,3426174
Maharashtra,Ahmednagar,4543159,2342825,2200334
Mizoram,Aizawl,400309,199270,201039
Rajasthan,Ajmer,2583052,1324085,1258967
Maharashtra,Akola,1813906,932334,881572
Kerala,Alappuzha,2127789,1013142,1114647
Uttar Pradesh,Aligarh,3673889,1951996,1721893
Madhya Pradesh,Alirajpur,728999,362542,366457
Uttar Pradesh,Allahabad,5954391,3131807,2822584
Uttarakhand,Almora,622506,291081,331425
Rajasthan,Alwar,3674179,1939026,1735153
Haryana,Ambala,1128350,598703,529647
Uttar Pradesh,Ambedkar Nagar,2397888,1212410,1185478
Uttar Pradesh,Amethi,0,0,0
Maharashtra,Amravati,2888445,1480768,1407677
Gujarat,Amreli,1514190,771049,743141
Punjab,Amritsar,2490656,1318408,1172248
Gujarat,Anand,2092745,1087224,1005521
Andhra Pradesh,Ananthapur,4081148,2064495,2016653
Jammu and Kashmir,Anantnag,1078692,559767,518925
Arunachal Pradesh,Anjaw,21167,11507,9660
Orissa,Anugul,1273821,655718,618103
Madhya Pradesh,Anuppur,749237,379114,370123
Bihar,Araria,2811569,1463333,1348236
Gujarat,Aravali,0,0,0
Tamil Nadu,Ariyalur,754894,374703,380191
Bihar,Arwal,700843,363497,337346
Madhya Pradesh,Ashoknagar,845071,443837,401234
Uttar Pradesh,Auraiya,1379545,740040,639505
Bihar,Aurangabad,2540073,1318684,1221389
Maharashtra,Aurangabad,3701282,1924469,1776813
Uttar Pradesh,Azamgarh,4613913,2285004,2328909
Karnataka,Bagalkot,1889752,950111,939641
Uttarakhand,Bageshwar,259898,124326,135572
Uttar Pradesh,Baghpat,1303048,700070,602978
Uttar Pradesh,Bahraich,3487731,1843884,1643847
Assam,Baksa,950075,481330,468745
Madhya Pradesh,Balaghat,1701698,842178,859520
Orissa,Balangir,1648997,830097,818900
Orissa,Balasore,2320529,1185787,1134742
Karnataka,Ballari,2452595,1236954,1215641
Uttar Pradesh,Ballia,3239774,1672902,1566872
Chhattisgarh,Balod,0,0,0
Chhattisgarh,Balodabazar,0,0,0
Chhattisgarh,Balrampur,0,0,0
Uttar Pradesh,Balrampur,2148665,1114721,1033944
Gujarat,Banaskantha,3120506,1610379,1510127
Uttar Pradesh,Banda,1799410,965876,833534
Jammu and Kashmir,Bandipora,392232,207680,184552
Bihar,Banka,2034763,1067140,967623
West Bengal,Bankura,3596674,1838095,1758579
Rajasthan,Banswara,1797485,907754,889731
Uttar Pradesh,Barabanki,3260699,1707073,1553626
Jammu and Kashmir,Baramulla,1008039,534733,473306
Rajasthan,Baran,1222755,633945,588810
West Bengal,Barddhaman,7717563,3966889,3750674
Uttar Pradesh,Bareilly,4448359,2357665,2090694
Orissa,Bargarh,1481255,749161,732094
Rajasthan,Barmer,2603751,1369022,1234729
Punjab,Barnala,595527,317522,278005
Assam,Barpeta,1693622,867004,826618
Madhya Pradesh,Barwani,1385881,699340,686541
Chhattisgarh,Bastar,1413199,698487,714712
Uttar Pradesh,Basti,2464464,1255272,1209192
Punjab,Bathinda,1388525,743197,645328
Maharashtra,Beed,2585049,1349106,1235943
Bihar,Begusarai,2970541,1567660,1402881
Karnataka,Belagavi,4779661,2423063,2356598
Chhattisgarh,Bemetara,0,0,0
Karnataka,Bengaluru,9621551,5022661,4598890
Karnataka,Bengaluru Rural,990923,509172,481751
Bihar,Bettiah,3935042,2061110,1873932
Madhya Pradesh,Betul,1575362,799236,776126
Uttar Pradesh,Bhadohi SR Nagar,1578213,807099,771114
Telangana,Bhadradri,1069261,532390,536871
Orissa,Bhadrak,1506337,760260,746077
Bihar,Bhagalpur,3037766,1615663,1422103
Maharashtra,Bhandara,1200334,605520,594814
Rajasthan,Bharatpur,2548462,1355726,1192736
Gujarat,Bharuch,1551019,805707,745312
Gujarat,Bhavnagar,2880365,1490201,1390164
Rajasthan,Bhilwara,2408523,1220736,1187787
Madhya Pradesh,Bhind,1703005,926843,776162
Haryana,Bhiwani,1634445,866672,767773
Bihar,Bhojpur,2728407,1430380,1298027
Madhya Pradesh,Bhopal,2371061,1236130,1134931
Karnataka,Bidar,1703300,870665,832635
Chhattisgarh,Bijapur,255230,128663,126567
Uttar Pradesh,Bijnor,3682713,1921215,1761498
Rajasthan,Bikaner,2363937,1240801,1123136
Chhattisgarh,Bilaspur,2663629,1351574,1312055
Himachal Pradesh,Bilaspur,381956,192764,189192
West Bengal,Birbhum,3502404,1790920,1711484
Manipur,Bishnupur,237399,118782,118617
Jharkhand,Bokaro,2062330,1072807,989523
Assam,Bongaigaon,738804,375818,362986
Gujarat,Botad,0,0,0
Orissa,Boudh,441162,221625,219537
Uttar Pradesh,Budaun,3681896,1967759,1714137
Jammu and Kashmir,Budgam,753745,398041,355704
Uttar Pradesh,Bulandshahr,3499171,1845260,1653911
Maharashtra,Buldhana,2586258,1337560,1248698
Rajasthan,Bundi,1110906,577160,533746
Madhya Pradesh,Burhanpur,757847,388504,369343
Bihar,Buxar,1706352,887977,818375
Assam,Cachar,1736617,886284,850333
West Bengal,Calcutta,4496694,2356766,2139928
Delhi,Central,582320,307821,274499
Himachal Pradesh,Chamba,519080,261320,257760
Uttarakhand,Chamoli,391605,193991,197614
Uttarakhand,Champawat,259648,131125,128523
Mizoram,Champhai,125745,63388,62357
Karnataka,Chamrajnagar,1020791,512231,508560
Uttar Pradesh,Chandauli,1952756,1017905,934851
Manipur,Chandel,144182,74579,69603
Chandigarh,Chandigarh,1055450,580663,474787
Maharashtra,Chandrapur,2204307,1123834,1080473
Arunachal Pradesh,Changlang,148226,76948,71278
Jharkhand,Chatra,1042886,533935,508951
Tamil Nadu,Chennai,4646732,2335844,2310888
Madhya Pradesh,Chhatarpur,1762375,936121,826254
Madhya Pradesh,Chhindwara,2090922,1064468,1026454
Gujarat,Chhota Udaipur,0,0,0
Karnataka,Chikkaballapur,1255104,636437,618667
Karnataka,Chikkamagaluru,1137961,566622,571339
Assam,Chirang,482162,244860,237302
Karnataka,Chitradurga,1659456,840843,818613
Uttar Pradesh,Chitrakoot,991730,527721,464009
Andhra Pradesh,Chittoor,4174064,2090204,2083860
Rajasthan,Chittorgarh,1544338,783171,761167
Manipur,Churachandpur,274143,138820,135323
Rajasthan,Churu,2039547,1051446,988101
Tamil Nadu,Coimbatore,3458045,1729297,1728748
West Bengal,Coochbehar,2819086,1451542,1367544
Tamil Nadu,Cuddalore,2605914,1311697,1294217
Orissa,Cuttack,2624470,1352760,1271710
Dadra & Nagar Haveli,Dadra & Nagar Haveli,343709,193760,149949
Gujarat,Dahod,2127086,1068651,1058435
Karnataka,Dakshina Kannada,2089649,1034714,1054935
Diu and Daman,Daman,191173,124659,66514
Madhya Pradesh,Damoh,1264219,661873,602346
Chhattisgarh,Dantewada,533638,264142,269496
Bihar,Darbhanga,3937385,2059949,1877436
West Bengal,Darjeeling,1846823,937259,909564
Assam,Darrang,928500,475273,453227
Madhya Pradesh,Datia,786754,420157,366597
Rajasthan,Dausa,1634409,857787,776622
Karnataka,Davangere,1945497,986400,959097
Uttarakhand,Dehradun,1696694,892199,804495
Orissa,Deogarh,312520,158230,154290
Jharkhand,Deoghar,1492073,775022,717051
Uttar Pradesh,Deoria,3100946,1537436,1563510
Gujarat,Devbhumi Dwarka,0,0,0
Madhya Pradesh,Dewas,1563715,805359,758356
Tripura,Dhalai,378230,194544,183686
Chhattisgarh,Dhamtari,799781,397897,401884
Jharkhand,Dhanbad,2684487,1405956,1278531
Madhya Pradesh,Dhar,2185793,1112725,1073068
Tamil Nadu,Dharmapuri,1506843,774303,732540
Karnataka,Dharwad,1847023,937206,909817
Assam,Dhemaji,686133,351249,334884
Orissa,Dhenkanal,1192811,612593,580218
Rajasthan,Dholpur,1206516,653647,552869
Assam,Dhubri,1949258,997848,951410
Maharashtra,Dhule,2050862,1054031,996831
Arunachal Pradesh,Dibang Valley,8004,4414,3590
Assam,Dibrugarh,1326335,676434,649901
Assam,Dima Hasao,214102,110802,103300
Nagaland,Dimapur,378811,197394,181417
Tamil Nadu,Dindigul,2159775,1080938,1078837
Madhya Pradesh,Dindori,704524,351913,352611
Diu and Daman,Diu,52074,25642,26432
Jammu and Kashmir,Doda,409936,213641,196295
Jharkhand,Dumka,1321442,668514,652928
Rajasthan,Dungarpur,1388552,696532,692020
Chhattisgarh,Durg,3343872,1682101,1661771
Delhi,East,1709346,907500,801846
Meghalaya,East Garo Hills,317917,161223,156694
Andhra Pradesh,East Godavari,5154296,2569688,2584608
Meghalaya,East Jaintia Hills,0,0,0
Arunachal Pradesh,East Kameng,78690,38775,39915
Meghalaya,East Khasi Hills,825922,410749,415173
Arunachal Pradesh,East Siang,99214,50116,49098
Sikkim,East Sikkim,283583,151432,132151
Kerala,Ernakulam,3282388,1619557,1662831
Tamil Nadu,Erode,2251744,1129868,1121876
Uttar Pradesh,Etah,1774480,947339,827141
Uttar Pradesh,Etawah,1581810,845856,735954
Uttar Pradesh,Faizabad,2470996,1259628,1211368
Haryana,Faridabad,1809733,966110,843623
Punjab,Faridkot,617508,326671,290837
Uttar Pradesh,Farrukhabad,1885204,1006240,878964
Haryana,Fatehabad,942011,495360,446651
Punjab,Fatehgarh Sahib,600163,320795,279368
Uttar Pradesh,Fatehpur,2632733,1384722,1248011
Punjab,Fazilka,0,0,0
Punjab,Ferozepur,2029074,1071637,957437
Uttar Pradesh,Firozabad,2498156,1332046,1166110
Karnataka,Gadag,1064570,537147,527423
Maharashtra,Gadchiroli,1072942,541328,531614
Orissa,Gajapati,577817,282882,294935
Jammu and Kashmir,Ganderbal,297446,158720,138726
Gujarat,Gandhinagar,1391753,723864,667889
Rajasthan,Ganganagar,1969168,1043340,925828
Orissa,Ganjam,3529031,1779218,1749813
Jharkhand,Garhwa,1322784,683575,639209
Uttarakhand,Garhwal,687271,326829,360442
Chhattisgarh,Gariaband,0,0,0
Uttar Pradesh,Gautam Buddha Nagar,1648115,890214,757901
Bihar,Gaya,4391418,2266566,2124852
Uttar Pradesh,Ghaziabad,4681645,2488834,2192811
Uttar Pradesh,Ghazipur,3620268,1855075,1765193
Gujarat,Gir Somnath,0,0,0
Jharkhand,Giridih,2445474,1258098,1187376
Assam,Goalpara,1008183,513292,494891
Jharkhand,Godda,1313551,677927,635624
Assam,Golaghat,1066888,543161,523727
Tripura,Gomati,0,0,0
Uttar Pradesh,Gonda,3433919,1787146,1646773
Maharashtra,Gondia,1322507,661554,660953
Bihar,Gopalganj,2562012,1267666,1294346
Uttar Pradesh,Gorakhpur,4440895,2277777,2163118
Jharkhand,Gumla,1025213,514390,510823
Madhya Pradesh,Guna,1241519,649362,592157
Andhra Pradesh,Guntur,4887813,2440521,2447292
Punjab,Gurdaspur,2298323,1212617,1085706
Haryana,Gurugram,1514432,816690,697742
Madhya Pradesh,Gwalior,2032036,1090327,941709
Assam,Hailakandi,659296,337890,321406
Himachal Pradesh,Hamirpur,454768,217070,237698
Uttar Pradesh,Hamirpur,1104285,593537,510748
Rajasthan,Hanumangarh,1774692,931184,843508
Uttar Pradesh,Hapur,0,0,0
Madhya Pradesh,Harda,570465,294838,275627
Uttar Pradesh,Hardoi,4092845,2191442,1901403
Uttarakhand,Haridwar,1890422,1005295,885127
Karnataka,Hassan,1776421,883667,892754
Uttar Pradesh,Hathras,1564708,836127,728581
Karnataka,Haveri,1597668,819128,778540
Jharkhand,Hazaribagh,1734495,890881,843614
Maharashtra,Hingoli,1177345,606294,571051
Haryana,Hisar,1743931,931562,812369
West Bengal,Hooghly,5519145,2814653,2704492
Madhya Pradesh,Hoshangabad,1241350,648725,592625
Punjab,Hoshiarpur,1586625,809057,777568
West Bengal,Howrah,4850029,2500819,2349210
Telangana,Hyderabad,3943323,2018575,1924748
Kerala,Idukki,1108974,552808,556166
Manipur,Imphal East,456113,226094,230019
Manipur,Imphal West,517992,255054,262938
Madhya Pradesh,Indore,3276697,1699627,1577070
Madhya Pradesh,Jabalpur,2463289,1277278,1186011
Orissa,Jagatsinghpur,1136971,577865,559106
Telangana,Jagtial,985417,484079,501338
Rajasthan,Jaipur,6626178,3468507,3157671
Rajasthan,Jaiselmer,669919,361708,308211
Orissa,Jajpur,1827192,926034,901158
Punjab,Jalandhar,2193590,1145211,1048379
Uttar Pradesh,Jalaun,1689974,906092,783882
Maharashtra,Jalgaon,4229917,2197365,2032552
Maharashtra,Jalna,1959046,1011473,947573
Rajasthan,Jalore,1828730,936634,892096
West Bengal,Jalpaiguri,3872846,1983064,1889782
Jammu and Kashmir,Jammu,1529958,813821,716137
Gujarat,Jamnagar,2160119,1114192,1045927
Jharkhand,Jamtara,791042,404830,386212
Bihar,Jamui,1760405,916064,844341
Telangana,Jangaon,566376,283648,282728
Chhattisgarh,Janjgir,1619707,815717,803990
Chhattisgarh,Jashpur,851669,424747,426922
Uttar Pradesh,Jaunpur,4494204,2220465,2273739
Telangana,Jayashankar,711434,354203,357231
Bihar,Jehanabad,1125313,585582,539731
Madhya Pradesh,Jhabua,1025048,515023,510025
Haryana,Jhajjar,958405,514667,443738
Rajasthan,Jhalawar,1411129,725143,685986
Uttar Pradesh,Jhansi,1998603,1057436,941167
Orissa,Jharsuguda,579505,296690,282815
Rajasthan,Jhunjhunu,2137045,1095896,1041149
Haryana,Jind,1334152,713006,621146
Rajasthan,Jodhpur,3687165,1923928,1763237
Telangana,Jogulamba,609990,309274,300716
Assam,Jorhat,1092256,556805,535451
Gujarat,Junagadh,2743082,1404356,1338726
Uttar Pradesh,Jyotiba Phule Nagar,1840221,963449,876772
Chhattisgarh,Kabirdham,822526,412058,410468
Gujarat,Kachchh,2092371,1096737,995634
Andhra Pradesh,Kadapa,2882469,1451777,1430692
Bihar,Kaimur,1626384,847006,779378
Haryana,Kaithal,1074304,571003,503301
Karnataka,Kalaburagi,2566326,1301755,1264571
Orissa,Kalahandi,1576869,787101,789768
Telangana,Kamareddy,972625,478389,494236
Assam,Kamrup,1517542,778461,739081
Assam,Kamrup Metro,1253938,647585,606353
Tamil Nadu,Kancheepuram,3998252,2012958,1985294
Orissa,Kandhamal,733110,359945,373165
Himachal Pradesh,Kangra,1510075,750591,759484
Chhattisgarh,Kanker,748941,373338,375603
Uttar Pradesh,Kannauj,1656616,881776,774840
Tamil Nadu,Kanniyakumari,1870374,926345,944029
Kerala,Kannur,2523003,1181446,1341557
Uttar Pradesh,Kanpur Dehat,1796184,963255,832929
Uttar Pradesh,Kanpur Nagar,4581268,2459806,2121462
Uttar Pradesh,Kanshi Ram Nagar,1436719,764165,672554
Punjab,Kapurthala,815168,426311,388857
Pondicherry,Karaikal,200222,97809,102413
Rajasthan,Karauli,1458248,783639,674609
Assam,Karbi Anglong,956313,490167,466146
Ladakh,Kargil,140802,77785,63017
Assam,Karimganj,1228686,625864,602822
Telangana,Karimnagar,1005711,504620,501091
Haryana,Karnal,1505324,797712,707612
Tamil Nadu,Karur,1064493,528184,536309
Kerala,Kasaragod,1307375,628613,678762
Jammu and Kashmir,Kathua,616435,326109,290326
Bihar,Katihar,3071029,1600430,1470599
Madhya Pradesh,Katni,1292042,662013,630029
Uttar Pradesh,Kaushambi,1599596,838485,761111
Orissa,Kendrapada,1801733,906487,895246
Orissa,Keonjhar,1440361,717814,722547
Bihar,Khagaria,1666886,883786,783100
Telangana,Khammam,1401639,699124,702515
Madhya Pradesh,Khandwa,1310061,674329,635732
Madhya Pradesh,Khargone,1873046,953121,919925
Gujarat,Kheda,2299885,1185727,1114158
Tripura,Khowai,0,0,0
Jharkhand,Khunti,531885,266335,265550
Orissa,Khurda,2251673,1167137,1084536
Himachal Pradesh,Kinnaur,84121,46249,37872
Nagaland,Kiphire,74004,37830,36174
Bihar,Kishanganj,1690400,866970,823430
Jammu and Kashmir,Kishtwar,230696,120165,110531
Karnataka,Kodagu,554519,274608,279911
Jharkhand,Koderma,716259,367222,349037
Nagaland,Kohima,267988,138966,129022
Assam,Kokrajhar,887142,452905,434237
Karnataka,Kolar,1536401,776396,760005
Mizoram,Kolasib,83955,42918,41037
Maharashtra,Kolhapur,3876001,1980658,1895343
Kerala,Kollam,2635375,1246968,1388407
Telangana,Komaram Bheem,515812,258197,257615
Chhattisgarh,Kondagaon,0,0,0
Karnataka,Koppal,1389920,699926,689994
Orissa,Koraput,1379647,678809,700838
Chhattisgarh,Korba,1206640,612915,593725
Chhattisgarh,Koriya,658917,334737,324180
Rajasthan,Kota,1951014,1021161,929853
Kerala,Kottayam,1974551,968289,1006262
Kerala,Kozhikode,3086293,1470942,1615351
Andhra Pradesh,Krishna,4517398,2267375,2250023
Tamil Nadu,Krishnagiri,1879809,960232,919577
Jammu and Kashmir,Kulgam,424483,217620,206863
Himachal Pradesh,Kullu,437903,225452,212451
Jammu and Kashmir,Kupwara,870354,474190,396164
Andhra Pradesh,Kurnool,4053463,2039227,2014236
Haryana,Kurukshetra,964655,510976,453679
Arunachal Pradesh,Kurung Kumey,92076,45318,46758
Uttar Pradesh,Kushinagar,3564544,1818055,1746489
Himachal Pradesh,Lahul & Spiti,31564,16588,14976
Assam,Lakhimpur,1042137,529674,512463
Uttar Pradesh,Lakhimpur Kheri,4021243,2123187,1898056
Bihar,Lakhisarai,1000912,526345,474567
Kerala,Lakshadweep,64473,33123,31350
Uttar Pradesh,Lalitpur,1221592,641011,580581
Jharkhand,Latehar,726978,369666,357312
Maharashtra,Latur,2454196,1273140,1181056
Mizoram,Lawngtlai,117894,60599,57295
Ladakh,Leh,133487,78971,54516
Jharkhand,Lohardaga,461790,232629,229161
Arunachal Pradesh,Lohit,145726,76221,69505
Nagaland,Longleng,50484,26502,23982
Arunachal Pradesh,Lower Dibang Valley,54080,28053,26027
Arunachal Pradesh,Lower Subansiri,83030,41843,41187
Uttar Pradesh,Lucknow,4589838,2394476,2195362
Punjab,Ludhiana,3498739,1867816,1630923
Mizoram,Lunglei,161428,82891,78537
Bihar,Madhepura,2001762,1047559,954203
Bihar,Madhubani,4487379,2329313,2158066
Tamil Nadu,Madurai,3038252,1526475,1511777
Telangana,Mahabubabad,774549,388058,386491
Telangana,Mahabubnagar,1486777,745101,741676
Uttar Pradesh,Maharajganj,2684703,1381754,1302949
Chhattisgarh,Mahasamund,1032754,511967,520787
Pondicherry,Mahe,41816,19143,22673
Haryana,Mahendragarh,922088,486665,435423
Gujarat,Mahesana,2035064,1056520,978544
Gujarat,Mahisagar,0,0,0
Uttar Pradesh,Mahoba,875958,466358,409600
Uttar Pradesh,Mainpuri,1868529,993377,875152
Kerala,Malappuram,4112920,1960328,2152592
West Bengal,Malda,3988845,2051541,1937304
Orissa,Malkangiri,613192,303624,309568
Mizoram,Mamit,86364,44828,41536
Telangana,Mancherial,807037,408272,398765
Himachal Pradesh,Mandi,999777,498065,501712
Madhya Pradesh,Mandla,1054905,525272,529633
Madhya Pradesh,Mandsaur,1340411,682851,657560
Karnataka,Mandya,1805769,905085,900684
Punjab,Mansa,769751,408732,361019
Uttar Pradesh,Mathura,2547184,1367125,1180059
Uttar Pradesh,Mau,2205968,1114709,1091259
Orissa,Mayurbhanj,2519738,1256213,1263525
Telangana,Medak,767428,378654,388774
Telangana,Medchal,2440073,1246666,1193407
Uttar Pradesh,Meerut,3443689,1825743,1617946
Uttar Pradesh,Mirzapur,2496970,1312302,1184668
Punjab,Moga,995746,525920,469826
Punjab,Mohali,994628,529253,465375
Nagaland,Mokokchung,194622,101092,93530
Nagaland,Mon,250260,131753,118507
Uttar Pradesh,Moradabad,4772006,2503186,2268820
Gujarat,Morbi,0,0,0
Madhya Pradesh,Morena,1965970,1068417,897553
Assam,Morigaon,957423,486651,470772
Bihar,Motihari,5099371,2681209,2418162
Maharashtra,Mumbai,3085411,1684608,1400803
Maharashtra,Mumbai Suburban,9356962,5031323,4325639
Chhattisgarh,Mungeli,0,0,0
Bihar,Munger,1367765,729041,638724
West Bengal,Murshidabad,7103807,3627564,3476243
Uttar Pradesh,Muzaffarnagar,4143512,2193434,1950078
Bihar,Muzaffarpur,4801062,2527497,2273565
Karnataka,Mysuru,3001127,1511600,1489527
Orissa,Nabarangpur,1220946,604812,616134
West Bengal,Nadia,5167600,2653768,2513832
Assam,Nagaon,2823768,1439112,1384656
Tamil Nadu,Nagapattinam,1616450,798127,818323
Telangana,Nagarkurnool,861766,437986,423780
Rajasthan,Nagaur,3307743,1696325,1611418
Maharashtra,Nagpur,4653570,2384975,2268595
Uttarakhand,Nainital,954605,493666,460939
Bihar,Nalanda,2877653,1497060,1380593
Assam,Nalbari,771639,396006,375633
Telangana,Nalgonda,1618416,818306,800110
Tamil Nadu,Namakkal,1726601,869280,857321
Maharashtra,Nanded,3361292,1730075,1631217
Maharashtra,Nandurbar,1648295,833170,815125
Chhattisgarh,Narayanpur,139820,70104,69716
Gujarat,Narmada,590297,301086,289211
Madhya Pradesh,Narsinghpur,1091854,568810,523044
Maharashtra,Nashik,6107187,3157186,2950001
Gujarat,Navsari,1329672,678165,651507
Bihar,Nawada,2219146,1144668,1074478
Orissa,Nayagarh,962789,502636,460153
Madhya Pradesh,Neemuch,826067,422653,403414
Andhra Pradesh,Nellore,2963557,1492974,1470583
Delhi,New Delhi,142004,77942,64062
Telangana,Nirmal,709418,346721,362697
Telangana,Nizamabad,1571022,768477,802545
Ladakh,No Jurisdiction,0,0,0
Delhi,North,887978,475002,412976
West Bengal,North Dinajpur,3007134,1551066,1456068
Delhi,North East,2241624,1188425,1053199
Meghalaya,North Garo Hills,0,0,0
Goa,North Goa,818008,416677,401331
Sikkim,North Sikkim,43709,24730,18979
Tripura,North Tripura,693947,352860,341087
West Bengal,North Twenty Four Parganas,10009781,5119389,4890392
Delhi,North West,3656539,1960922,1695617
Orissa,Nuapada,610382,301962,308420
Haryana,Nuh,1089263,571162,518101
Maharashtra,Osmanabad,1657576,861535,796041
Jharkhand,Pakur,900422,452661,447761
Kerala,Palakkad,2809934,1359478,1450456
Jharkhand,Palamu,1939869,1006302,933567
Maharashtra,Palghar,0,0,0
Rajasthan,Pali,2037573,1025422,1012151
Haryana,Palwal,1042708,554497,488211
Haryana,Panchkula,561293,299679,261614
Gujarat,Panchmahal,2390776,1226961,1163815
Haryana,Panipat,1205437,646857,558580
Madhya Pradesh,Panna,1016520,533480,483040
Arunachal Pradesh,Papum Pare,176573,89182,87391
Maharashtra,Parbhani,1836086,942870,893216
West Bengal,paschim Medinpur,5913457,3007885,2905572
Jharkhand,Pashchimi Singhbhum,1502338,749385,752953
Gujarat,Patan,1343734,694397,649337
Kerala,Pathanamthitta,1197412,561716,635696
Punjab,Pathankot,0,0,0
Punjab,Patiala,1895686,1002522,893164
Bihar,Patna,5838465,3078512,2759953
Telangana,Peddapalli,795332,399325,396007
Tamil Nadu,Perambalur,565223,282157,283066
Nagaland,Peren,95219,49714,45505
Nagaland,Phek,163418,83743,79675
Uttar Pradesh,Pilibhit,2031007,1072002,959005
Uttarakhand,Pithoragarh,483439,239306,244133
Jammu and Kashmir,Poonch,476835,251899,224936
Gujarat,Porbandar,585449,300209,285240
Andaman and Nicobar,Port Blair,380581,202871,177710
Andhra Pradesh,Prakasham,3397448,1714764,1682684
Rajasthan,Pratapgarh,867848,437744,430104
Uttar Pradesh,Pratapgarh,3209141,1606085,1603056
Pondicherry,Puducherry,950289,468258,482031
Tamil Nadu,Pudukkottai,1618345,803188,815157
Jammu and Kashmir,Pulwama,560440,293064,267376
Maharashtra,Pune,9429408,4924105,4505303
West Bengal,Purba Medinipur,5095875,2629834,2466041
Jharkhand,Purbi Singhbhum,2293919,1176902,1117017
Orissa,Puri,1698730,865380,833350
Bihar,Purnea,3264619,1699370,1565249
West Bengal,Purulia,2930115,1496996,1433119
Uttar Pradesh,Raebareli,3405559,1752542,1653017
Karnataka,Raichur,1928812,964511,964301
Maharashtra,Raigad,2634200,1344345,1289855
Chhattisgarh,Raigarh,1493984,750278,743706
Chhattisgarh,Raipur,4063872,2048186,2015686
Madhya Pradesh,Raisen,1331597,700358,631239
Telangana,Rajanna Sircilla,552037,274109,277928
Madhya Pradesh,Rajgarh,1545814,790212,755602
Gujarat,Rajkot,3804558,1974445,1830113
Chhattisgarh,Rajnandgaon,1537133,762855,774278
Jammu and Kashmir,Rajouri,642415,345351,297064
Rajasthan,Rajsamand,1156597,581339,575258
Karnataka,Ramanagaram,1082636,548008,534628
Tamil Nadu,Ramanathapuram,1353445,682658,670787
Jammu and Kashmir,Ramban,283713,149132,134581
Jharkhand,Ramgarh,949443,494230,455213
Uttar Pradesh,Rampur,2335819,1223889,1111930
Jharkhand,Ranchi,2914253,1494937,1419316
Telangana,Rangareddy,2446265,1254184,1192081
Madhya Pradesh,Ratlam,1455069,738241,716828
Maharashtra,Ratnagiri,1615069,761121,853948
Orissa,Rayagada,967911,471960,495951
Jammu and Kashmir,Reasi,314667,166461,148206
Madhya Pradesh,Rewa,2365106,1225100,1140006
Haryana,Rewari,900332,474335,425997
Meghalaya,Ri Bhoi,258840,132531,126309
Haryana,Rohtak,1061204,568479,492725
Bihar,Rohtas Sasaram,2959918,1543546,1416372
Uttarakhand,Rudraprayag,242285,114589,127696
Punjab,Rupnagar,684627,357485,327142
Gujarat,Sabarkantha,2428589,1244231,1184358
Madhya Pradesh,Sagar,2378458,1256257,1122201
Uttar Pradesh,Saharanpur,3466382,1834106,1632276
Bihar,Saharsa,1900661,997174,903487
Jharkhand,Sahibganj,1150567,589391,561176
Mizoram,Saiha,56574,28594,27980
Tamil Nadu,Salem,3482056,1781571,1700485
Bihar,Samastipur,4261566,2230003,2031563
Jammu and Kashmir,Samba,318898,169124,149774
Orissa,Sambalpur,1041099,526877,514222
Uttar Pradesh,Sambhal,0,0,0
Telangana,Sangareddy,1527628,777235,750393
Maharashtra,Sangli,2822143,1435728,1386415
Punjab,Sangrur,1655169,878029,777140
Uttar Pradesh,Santkabir Nagar,1715183,869656,845527
Bihar,Saran,3951862,2022821,1929041
Maharashtra,Satara,3003741,1510842,1492899
Madhya Pradesh,Satna,2228935,1157495,1071440
Rajasthan,Sawai Madhopur,1335551,704031,631520
Punjab,Sbs Nagar,612310,313291,299019
Madhya Pradesh,Sehore,1311332,683743,627589
Manipur,Senapati,479148,247323,231825
Madhya Pradesh,Seoni,1379131,695879,683252
Jharkhand,Seraikella,1065056,544411,520645
Mizoram,Serchhip,64937,32851,32086
Madhya Pradesh,Shahdol,1066063,540021,526042
Uttar Pradesh,Shahjahanpur,3006538,1606403,1400135
Madhya Pradesh,Shajapur,1512681,780520,732161
Uttar Pradesh,Shamli,0,0,0
Bihar,Sheikhpura,636342,329743,306599
Bihar,Sheohar,656246,346673,309573
Madhya Pradesh,Sheopur,687861,361784,326077
Himachal Pradesh,Shimla,814010,425039,388971
Karnataka,Shivamogga,1752753,877415,875338
Madhya Pradesh,Shivpuri,1726050,919795,806255
Jammu and Kashmir,Shopian,266215,136480,129735
Uttar Pradesh,Shravasti,1117361,593897,523464
Uttar Pradesh,Siddharthnagar,2559297,1295095,1264202
Telangana,Siddipet,1012065,504141,507924
Madhya Pradesh,Sidhi,1127033,575912,551121
Rajasthan,Sikar,2677333,1374990,1302343
Jharkhand,Simdega,599578,300309,299269
Maharashtra,Sindhudurg,849651,417332,432319
Madhya Pradesh,Singrauli,1178273,613637,564636
Tripura,Sipahijula,0,0,0
Himachal Pradesh,Sirmaur,529855,276289,253566
Rajasthan,Sirohi,1036346,534231,502115
Haryana,Sirsa,1295189,682582,612607
Bihar,Sitamarhi,3423574,1803252,1620322
Uttar Pradesh,Sitapur,4483992,2375264,2108728
Tamil Nadu,Sivagangai,1339101,668672,670429
Assam,Sivasagar,1151050,589216,561834
Bihar,Siwan,3330464,1675090,1655374
Himachal Pradesh,Solan,580320,308754,271566
Maharashtra,Solapur,4317756,2227852,2089904
Uttar Pradesh,Sonbhadra,1862559,971344,891215
Haryana,Sonepat,1450001,781299,668702
Orissa,Sonepur,610183,311312,298871
Assam,Sonitpur,1924110,983904,940206
Delhi,South,2731929,1467428,1264501
West Bengal,South Dinajpur,1676276,857199,819077
Meghalaya,South Garo Hills,142334,73170,69164
Goa,South Goa,640537,322463,318074
Sikkim,South Sikkim,146850,76670,70180
Tripura,South Tripura,876001,447544,428457
West Bengal,South Twenty Four Parganas,8161961,4173778,3988183
Delhi,South West,2292958,1246046,1046912
Meghalaya,South West Garo Hills,0,0,0
Meghalaya,South West Khasi Hills,0,0,0
Punjab,Sri Muktsar Sahib,901896,475622,426274
Andhra Pradesh,Srikakulam,2703114,1341738,1361376
Jammu and Kashmir,Srinagar,1236829,651124,585705
Chhattisgarh,Sukma,0,0,0
Uttar Pradesh,Sultanpur,3797117,1914586,1882531
Orissa,Sundargarh,2093437,1061147,1032290
Bihar,Supaul,2229076,1155283,1073793
Chhattisgarh,Surajpur,0,0,0
Gujarat,Surat,6081322,3402224,2679098
Gujarat,Surendranagar,1756268,909917,846351
Chhattisgarh,Surguja,2359886,1193129,1166757
Telangana,Suryapet,1099560,550974,548586
Manipur,Tamenglong,140651,72371,68280
Gujarat,Tapi,807022,402188,404834
Punjab,Tarn Taran,1119627,589369,530258
Arunachal Pradesh,Tawang,49977,29151,20826
Uttarakhand,Tehri Garhwal,618931,297986,320945
Maharashtra,Thane,11060148,5865078,5195070
Tamil Nadu,Thanjavur,2405890,1182416,1223474
Gujarat,The Dangs,228291,113821,114470
Tamil Nadu,The Nilgiris,735394,360143,375251
Tamil Nadu,Theni,1245899,625683,620216
Kerala,Thiruvananthapuram,3301427,1581678,1719749
Tamil Nadu,Thoothukudi,1750176,865021,885155
Manipur,Thoubal,422168,210845,211323
Kerala,Thrissur,3121200,1480763,1640437
Madhya Pradesh,Tikamgarh,1445166,760355,684811
Assam,Tinsukia,1327929,680231,647698
Arunachal Pradesh,Tirap,111975,57604,54371
Tamil Nadu,Tiruchirappalli,2722290,1352284,1370006
Tamil Nadu,Tirunelveli,3077233,1520912,1556321
Tamil Nadu,Tiruppur,2479052,1246159,1232893
Tamil Nadu,Tiruvallur,3728104,1876062,1852042
Tamil Nadu,Tiruvannamalai,2464875,1235889,1228986
Tamil Nadu,Tiruvarur,1264277,626693,637584
Rajasthan,Tonk,1421326,728136,693190
Nagaland,Tuensang,196596,101933,94663
Karnataka,Tumakuru,2678980,1350594,1328386
Rajasthan,Udaipur,3068420,1566801,1501619
Assam,Udalguri,831668,421617,410051
Uttarakhand,Udham Singh Nagar,1648902,858783,790119
Jammu and Kashmir,Udhampur,554985,296784,258201
Karnataka,Udupi,1177361,562131,615230
Madhya Pradesh,Ujjain,1986864,1016289,970575
Manipur,Ukhrul,183998,94718,89280
Madhya Pradesh,Umaria,644758,330674,314084
Himachal Pradesh,Una,521173,263692,257481
Uttar Pradesh,Unnao,3108367,1630087,1478280
Tripura,Unokoti,0,0,0
Arunachal Pradesh,Upper Siang,35320,18699,16621
Arunachal Pradesh,Upper Subansiri,83448,41758,41690
Karnataka,Uttara Kannada,1437169,726256,710913
Uttarakhand,Uttarkashi,330086,168597,161489
Gujarat,Vadodara,4165626,2153736,2011890
Bihar,Vaishali,3495021,1844535,1650486
Gujarat,Valsad,1705678,887222,818456
Uttar Pradesh,Varanasi,3676841,1921857,1754984
Tamil Nadu,Vellore,3936331,1961688,1974643
Madhya Pradesh,Vidisha,1458875,769568,689307
Karnataka,Vijayapura,2177331,1111022,1066309
Telangana,Vikarabad,927140,463350,463790
Tamil Nadu,Viluppuram,3458873,1740819,1718054
Tamil Nadu,Virudhunagar,1942288,967709,974579
Andhra Pradesh,Visakapatnam,4290589,2138910,2151679
Andhra Pradesh,Vizianagaram,2344474,1161477,1182997
Telangana,Wanaparthy,577758,294833,282925
Telangana,Warangal,718537,360315,358222
Telangana,Warangal (U),1080858,541301,539557
Maharashtra,Wardha,1300774,668385,632389
Maharashtra,Washim,1197160,620302,576858
Kerala,Wayanad,817420,401684,415736
Delhi,West,2543243,1356240,1187003
Meghalaya,West Garo Hills,643291,324159,319132
Andhra Pradesh,West Godavari,3936966,1964918,1972048
Meghalaya,West Jaintia Hills,0,0,0
Arunachal Pradesh,West Kameng,83947,46155,37792
Meghalaya,West Khasi Hills,383461,193715,189746
Arunachal Pradesh,West Siang,112274,58168,54106
Sikkim,West Sikkim,136435,70238,66197
Tripura,West Tripura,1725739,879428,846311
Nagaland,Wokha,166343,84505,81838
Telangana,Yadadri,739448,374719,364729
Karnataka,Yadgir,1174271,590329,583942
Haryana,Yamunanagar,1214205,646718,567487
Pondicherry,Yanam,55626,27301,28325
Maharashtra,Yavatmal,2772348,1419965,1352383
Nagaland,Zunheboto,140757,71217,69540
